0 0.555629 0.458611 0.035242 0.039167
0 0.834961 0.691472 0.084766 0.088722
0 0.323281 0.526965 0.045156 0.068653
0 0.501129 0.645903 0.066492 0.099861
0 0.557461 0.772368 0.077109 0.119153
0 0.245195 0.468882 0.037844 0.045958
0 0.971164 0.720382 0.057672 0.087736
0 0.825000 0.551812 0.069844 0.068319
0 0.631035 0.478861 0.047070 0.031194
0 0.620934 0.450674 0.043805 0.022153
0 0.613668 0.504132 0.046711 0.046042
0 0.322570 0.419097 0.028125 0.020417
0 0.304758 0.401806 0.025156 0.017778
0 0.273246 0.406889 0.022492 0.014917
0 0.215949 0.391576 0.007320 0.011431
0 0.199750 0.393708 0.024547 0.016639
0 0.383684 0.482736 0.041086 0.039806
0 0.313812 0.475333 0.038312 0.031583
0 0.262035 0.544139 0.040461 0.056583
0 0.429359 0.948083 0.106578 0.103833
0 0.765852 0.604222 0.068687 0.071778
0 0.282715 0.652715 0.056102 0.099875
0 0.233082 0.933479 0.092367 0.133042
0 0.460898 0.467917 0.035859 0.031389
0 0.390312 0.429583 0.030000 0.023056
0 0.348672 0.436597 0.026562 0.018194
0 0.485430 0.454653 0.030391 0.026250
