0 0.312852 0.422576 0.027266 0.026542
0 0.249570 0.911910 0.099141 0.162847
0 0.409402 0.675181 0.059086 0.113806
0 0.284141 0.683875 0.062656 0.118639
0 0.848906 0.693146 0.086719 0.084903
0 0.521484 0.659368 0.072813 0.121542
0 0.265352 0.585583 0.044922 0.073556
0 0.701289 0.596771 0.060547 0.067014
0 0.715078 0.513611 0.053906 0.059722
0 0.455453 0.602847 0.049875 0.074861
0 0.775078 0.867917 0.115313 0.149167
0 0.576289 0.482847 0.046953 0.046528
0 0.876105 0.642799 0.079352 0.065514
0 0.362187 0.435681 0.031406 0.025528
0 0.675121 0.961278 0.115852 0.077444
0 0.236262 0.520104 0.035461 0.053736
0 0.263090 0.485431 0.033258 0.038306
0 0.228965 0.452521 0.036133 0.034958
0 0.209406 0.402958 0.020813 0.020222
0 0.240508 0.406618 0.030016 0.021069
0 0.260477 0.396396 0.027828 0.018292
0 0.218125 0.393771 0.028109 0.012847
0 0.309504 0.402618 0.029805 0.018042
0 0.372098 0.408382 0.026352 0.023986
0 0.443090 0.461986 0.035148 0.030528
0 0.479816 0.438944 0.019977 0.029556
0 0.492000 0.429465 0.022172 0.027708
0 0.596703 0.462028 0.028703 0.032861
0 0.421727 0.543958 0.054703 0.065139
0 0.493996 0.552875 0.048180 0.056194
0 0.340656 0.542938 0.051359 0.061986
