0 0.624164 0.678139 0.076297 0.098722
0 0.438078 0.582187 0.048578 0.062819
0 0.474488 0.631208 0.056336 0.078972
0 0.695195 0.539618 0.046641 0.054792
0 0.734586 0.518833 0.049734 0.051500
0 0.284414 0.627250 0.060859 0.106889
0 0.615223 0.503667 0.048930 0.047611
0 0.840207 0.611806 0.077445 0.067222
0 0.777031 0.651806 0.082344 0.101389
0 0.260707 0.900486 0.124852 0.199028
0 0.550418 0.474271 0.047445 0.051319
0 0.289297 0.502569 0.034375 0.045694
0 0.230984 0.469778 0.029906 0.031556
0 0.327344 0.540625 0.038594 0.063472
0 0.542465 0.582500 0.054039 0.074917
0 0.461469 0.521396 0.050266 0.065208
0 0.379027 0.513597 0.042852 0.056750
0 0.384418 0.483861 0.034305 0.038583
0 0.323234 0.448882 0.036266 0.037097
0 0.273555 0.463000 0.033047 0.031111
0 0.236871 0.442965 0.033039 0.028375
0 0.267742 0.435618 0.028141 0.023653
0 0.221539 0.406250 0.029828 0.018667
0 0.174895 0.376271 0.061664 0.065319
0 0.252652 0.401125 0.025414 0.015806
0 0.266371 0.415257 0.018758 0.013681
0 0.298438 0.405674 0.025203 0.017431
0 0.341211 0.421729 0.024219 0.022153
0 0.366832 0.439896 0.027023 0.024153
0 0.406664 0.448118 0.025766 0.028125
0 0.464418 0.455076 0.034023 0.028125
0 0.516016 0.433306 0.043406 0.033361
0 0.561273 0.450611 0.029531 0.033139
0 0.662070 0.470806 0.043859 0.033000
