0 0.237703 0.402424 0.018516 0.016792
0 0.260332 0.414896 0.020930 0.017208
0 0.547988 0.464549 0.031289 0.025486
0 0.703902 0.503556 0.056852 0.056694
0 0.308555 0.520139 0.038516 0.052778
0 0.528418 0.454549 0.019242 0.023236
0 0.296832 0.420278 0.030227 0.022806
0 0.350004 0.405694 0.025898 0.025889
0 0.405559 0.412069 0.033883 0.022889
0 0.596617 0.819868 0.092078 0.126375
0 0.495312 0.625896 0.060469 0.096542
0 0.764062 0.634583 0.070312 0.075556
0 0.921098 0.657014 0.098289 0.107361
0 0.629676 0.510549 0.050133 0.047597
0 0.646563 0.567014 0.054063 0.046528
0 0.465930 0.445993 0.037516 0.035875
0 0.541836 0.504271 0.044609 0.045764
0 0.467027 0.420160 0.033320 0.018681
0 0.658684 0.698264 0.087055 0.116250
0 0.400059 0.676722 0.059102 0.113500
0 0.443539 0.502625 0.049437 0.066139
0 0.419063 0.432674 0.038750 0.032569
0 0.370391 0.590833 0.047344 0.067500
0 0.345285 0.424757 0.029430 0.020069
0 0.868852 0.931986 0.138859 0.136028
0 0.663289 0.966285 0.109219 0.067431
0 0.237805 0.922222 0.108172 0.155556
0 0.531207 0.585389 0.051945 0.062472
0 0.374809 0.519958 0.042445 0.048389
0 0.379180 0.480361 0.037578 0.034278
0 0.332445 0.483243 0.040016 0.044069
0 0.256625 0.479493 0.033531 0.043486
0 0.251363 0.446514 0.031102 0.030528
0 0.199926 0.451847 0.011180 0.030250
0 0.218160 0.405757 0.017914 0.013542
