0 0.543320 0.735854 0.071172 0.114958
0 0.194477 0.389194 0.023438 0.018889
0 0.509449 0.563924 0.053430 0.058264
0 0.327969 0.538833 0.040313 0.057889
0 0.292773 0.504028 0.036953 0.059444
0 0.250344 0.550000 0.038375 0.042778
0 0.913176 0.594097 0.082086 0.052917
0 0.322070 0.419319 0.039609 0.030028
0 0.331152 0.486882 0.037227 0.044319
0 0.391195 0.628458 0.087391 0.201306
0 0.732582 0.798993 0.110180 0.172597
0 0.430094 0.568417 0.033156 0.062389
0 0.430906 0.508313 0.044531 0.061958
0 0.370805 0.475222 0.035578 0.035917
0 0.261078 0.484556 0.034203 0.040167
0 0.259879 0.452757 0.030539 0.028264
0 0.288430 0.440125 0.036250 0.035972
0 0.181773 0.422271 0.009937 0.015986
0 0.258641 0.409264 0.029469 0.016222
0 0.271477 0.404042 0.009578 0.009639
0 0.400762 0.417090 0.034992 0.027069
0 0.920941 0.550438 0.070102 0.042181
0 0.897281 0.460250 0.070922 0.064389
0 0.748547 0.577972 0.070609 0.064361
0 0.737738 0.492535 0.051555 0.051847
0 0.211117 0.402806 0.020469 0.016944
0 0.293789 0.773826 0.076484 0.140681
0 0.300566 0.596750 0.043789 0.075389
