0 0.377516 0.618028 0.054922 0.094306
0 0.476562 0.613688 0.057969 0.085653
0 0.238551 0.533014 0.034055 0.045111
0 0.273031 0.490799 0.032313 0.040097
0 0.307355 0.469542 0.040039 0.037833
0 0.396820 0.446146 0.032203 0.026375
0 0.425918 0.434688 0.038164 0.037986
0 0.318937 0.406465 0.023531 0.015236
0 0.264969 0.409535 0.023953 0.021764
0 0.237723 0.408229 0.024055 0.019514
0 0.190922 0.398917 0.018078 0.014306
0 0.592840 0.461097 0.035602 0.043000
0 0.325324 0.423993 0.032789 0.021597
0 0.553625 0.466944 0.048375 0.046667
0 0.462691 0.946549 0.114289 0.100875
0 0.608117 0.882431 0.110719 0.171806
0 0.275898 0.702500 0.059453 0.090278
0 0.965617 0.707667 0.064375 0.065278
0 0.497332 0.481389 0.042758 0.038750
0 0.768801 0.568944 0.067367 0.067306
0 0.814422 0.519597 0.059906 0.057917
0 0.772852 0.652861 0.078312 0.090583
0 0.635223 0.557438 0.058961 0.051931
0 0.765813 0.405278 0.043219 0.042500
0 0.271016 0.824514 0.080156 0.139583
0 0.686785 0.738194 0.089664 0.113611
