0 0.243461 0.433403 0.035391 0.028056
0 0.430449 0.421521 0.029430 0.026986
0 0.364129 0.437757 0.034727 0.030125
0 0.376836 0.428993 0.029813 0.026736
0 0.325016 0.420201 0.025937 0.024708
0 0.285949 0.404604 0.022680 0.021375
0 0.199109 0.399056 0.023516 0.018750
0 0.447813 0.457743 0.046500 0.048264
0 0.491508 0.462472 0.038531 0.040222
0 0.839027 0.618604 0.091758 0.080875
0 0.216648 0.401208 0.011406 0.018889
0 0.175656 0.392028 0.018484 0.012444
0 0.721719 0.549319 0.060937 0.071917
0 0.594102 0.529792 0.044297 0.047361
0 0.499531 0.555521 0.062500 0.070347
0 0.531328 0.677840 0.067969 0.111542
0 0.625938 0.500431 0.050000 0.051417
0 0.440875 0.581528 0.051594 0.066667
0 0.350195 0.471528 0.039609 0.066389
0 0.290430 0.596875 0.080234 0.166250
0 0.341707 0.543681 0.040086 0.059583
0 0.248398 0.520208 0.041953 0.076528
0 0.834672 0.553424 0.078266 0.056736
0 0.972176 0.712972 0.055648 0.079611
0 0.254535 0.456715 0.028289 0.033903
0 0.515547 0.440521 0.042172 0.045653
