0 0.376687 0.410521 0.024625 0.021319
0 0.547043 0.584118 0.069680 0.100125
0 0.681875 0.720563 0.083438 0.125819
0 0.522148 0.691042 0.064297 0.116528
0 0.282738 0.775972 0.078508 0.159167
0 0.861223 0.962799 0.088805 0.074403
0 0.676426 0.962153 0.108055 0.075694
0 0.811172 0.676153 0.081250 0.082917
0 0.676367 0.581111 0.056641 0.070000
0 0.927844 0.609028 0.081031 0.076389
0 0.397734 0.658333 0.071562 0.138333
0 0.589531 0.531701 0.046406 0.052708
0 0.608246 0.474090 0.046320 0.051625
0 0.980605 0.582847 0.038711 0.073194
0 0.935957 0.690576 0.086758 0.073292
0 0.660391 0.475903 0.043750 0.034583
0 0.286449 0.629486 0.046008 0.077750
0 0.274465 0.590896 0.038883 0.056458
0 0.329703 0.545674 0.041797 0.058181
0 0.340801 0.493118 0.037742 0.047514
0 0.345328 0.466187 0.035500 0.027653
0 0.236313 0.521924 0.034187 0.045792
0 0.202133 0.476410 0.028672 0.045792
0 0.239797 0.467917 0.030781 0.036278
0 0.262883 0.448910 0.037422 0.035708
0 0.213957 0.438833 0.033211 0.030528
0 0.189250 0.398222 0.018141 0.018444
0 0.237367 0.401097 0.024625 0.021889
0 0.262133 0.411757 0.026609 0.025347
0 0.313426 0.418090 0.026727 0.019014
0 0.391023 0.444396 0.031469 0.028181
0 0.381098 0.425465 0.030977 0.021736
0 0.472023 0.424201 0.043250 0.041181
0 0.443914 0.464660 0.036609 0.033986
0 0.498914 0.485111 0.045516 0.043778
0 0.535852 0.436583 0.037094 0.028500
0 0.447281 0.573403 0.053781 0.065833
