0 0.205938 0.485208 0.031875 0.054306
0 0.866848 0.720812 0.096039 0.097514
0 0.653320 0.521042 0.049453 0.039028
0 0.620141 0.549306 0.051281 0.050556
0 0.266523 0.539167 0.037891 0.059722
0 0.502437 0.554910 0.049094 0.058236
0 0.242188 0.468403 0.035625 0.050417
0 0.394617 0.693097 0.062359 0.096583
0 0.743008 0.563681 0.054141 0.055139
0 0.775855 0.540965 0.048758 0.046125
0 0.731914 0.628479 0.066484 0.060292
0 0.288203 0.503972 0.037656 0.045944
0 0.560852 0.512604 0.048672 0.043542
0 0.453062 0.958292 0.115219 0.083417
0 0.428406 0.502111 0.042359 0.048528
0 0.368449 0.510653 0.045648 0.054639
0 0.196883 0.439243 0.017469 0.021931
0 0.221461 0.425951 0.030859 0.026208
0 0.218418 0.400979 0.028336 0.020458
0 0.347574 0.432083 0.032523 0.024167
0 0.358504 0.425667 0.022586 0.020639
0 0.438391 0.442910 0.031922 0.028875
0 0.506215 0.445917 0.116023 0.128389
0 0.662598 0.494583 0.045648 0.029361
