0 0.454180 0.588097 0.055234 0.072139
0 0.575605 0.480167 0.052039 0.051056
0 0.613719 0.476444 0.036594 0.034639
0 0.528711 0.722951 0.068359 0.096042
0 0.715117 0.598625 0.056953 0.069417
0 0.845313 0.555069 0.066094 0.056806
0 0.774664 0.560097 0.077547 0.091472
0 0.273828 0.597083 0.042656 0.070833
0 0.584180 0.524653 0.047109 0.044583
0 0.385313 0.626479 0.057187 0.094069
0 0.481402 0.470000 0.038445 0.029167
0 0.303828 0.414326 0.020938 0.017542
0 0.479727 0.437292 0.032891 0.027361
0 0.432270 0.937181 0.133695 0.125639
0 0.813160 0.929285 0.141477 0.141431
0 0.257480 0.550986 0.038086 0.055750
0 0.263785 0.483035 0.037242 0.044792
0 0.344949 0.489361 0.039523 0.050722
0 0.452125 0.520319 0.042469 0.051528
0 0.406457 0.435514 0.029680 0.030361
0 0.372785 0.439875 0.030383 0.027139
0 0.249406 0.396826 0.026141 0.018931
0 0.211285 0.400917 0.024930 0.015500
0 0.183270 0.390465 0.017180 0.015264
