0 0.252145 0.403153 0.028195 0.025278
0 0.273965 0.839493 0.085648 0.135764
0 0.423809 0.421687 0.037070 0.034153
0 0.830715 0.612056 0.071617 0.062139
0 0.507133 0.463750 0.040359 0.035556
0 0.860883 0.697778 0.107234 0.081972
0 0.853813 0.942514 0.105594 0.108250
0 0.632387 0.561507 0.052117 0.050625
0 0.308516 0.527778 0.042813 0.063611
0 0.238277 0.521167 0.037508 0.063167
0 0.381492 0.625278 0.049516 0.076667
0 0.986488 0.636264 0.026570 0.087583
0 0.334813 0.426493 0.028188 0.022569
0 0.667344 0.519160 0.042344 0.050542
0 0.433355 0.899861 0.103023 0.200278
0 0.598668 0.640681 0.070242 0.084139
0 0.564574 0.487604 0.048664 0.035153
0 0.567695 0.445299 0.041641 0.029681
0 0.342207 0.410486 0.025336 0.018472
0 0.232496 0.397340 0.021727 0.021847
0 0.185043 0.395653 0.025539 0.024583
0 0.344168 0.491222 0.038992 0.040556
0 0.294602 0.465896 0.038297 0.044486
0 0.190633 0.471972 0.013547 0.039806
0 0.192430 0.441618 0.014938 0.035153
0 0.178812 0.415806 0.010641 0.025806
