0 0.218086 0.396514 0.019766 0.016944
0 0.708359 0.551389 0.056875 0.058056
0 0.820797 0.557722 0.066375 0.053167
0 0.423672 0.561021 0.046875 0.069347
0 0.300387 0.651424 0.050320 0.095764
0 0.330801 0.538333 0.039648 0.060556
0 0.778430 0.655236 0.084578 0.071583
0 0.248633 0.402347 0.023828 0.018333
0 0.300059 0.421090 0.025602 0.021014
0 0.364055 0.412764 0.022594 0.025472
0 0.282180 0.402264 0.025797 0.019083
0 0.571172 0.522368 0.045312 0.043625
0 0.802617 0.506806 0.066016 0.050833
0 0.681328 0.500417 0.049375 0.043056
0 0.564125 0.478951 0.049562 0.052375
0 0.258230 0.548472 0.040570 0.067778
0 0.967109 0.602229 0.065781 0.066375
0 0.651383 0.443611 0.123328 0.084722
0 0.254262 0.947569 0.084648 0.104861
0 0.507215 0.428326 0.100195 0.078653
0 0.470840 0.973104 0.103133 0.053792
0 0.343715 0.432472 0.024992 0.025472
0 0.625121 0.869944 0.113211 0.166611
0 0.370852 0.511069 0.038844 0.047111
0 0.274004 0.489035 0.035289 0.045292
0 0.387641 0.429313 0.028766 0.023236
0 0.319648 0.479826 0.036406 0.033347
